72 72
93 72
198 72
200 72
260 72
307 72
13 116
17 116
53 116
63 116
86 116
99 116
114 116
116 116
118 116
133 116
136 116
137 116
140 116
164 116
171 116
185 116
230 116
238 116
241 116
251 116
283 116
285 116
313 116
327 116
354 116
355 116
357 116
8 46
22 46
40 46
46 46
54 46
57 46
74 46
78 46
104 46
107 46
115 46
138 46
142 46
162 46
168 46
173 46
187 46
193 46
205 46
209 46
236 46
270 46
315 46
316 46
328 46
362 46
379 46
11 37
37 37
42 37
68 37
87 37
105 37
113 37
132 37
134 37
139 37
156 37
189 37
220 37
269 37
290 37
309 37
353 37
358 37
381 37
2 310
3 310
56 310
102 310
112 310
174 310
179 310
188 310
194 310
246 310
274 310
284 310
310 310
312 310
314 310
333 310
361 310
55 95
67 95
95 95
141 95
184 95
192 95
207 95
224 95
255 95
267 95
289 95
299 95
322 95
337 95
359 95
19 218
44 218
58 218
80 218
119 218
147 218
163 218
176 218
218 218
232 218
235 218
243 218
341 218
344 218
383 218
1 219
52 219
65 219
84 219
103 219
110 219
172 219
213 219
219 219
226 219
273 219
279 219
295 219
16 216
20 216
32 216
79 216
98 216
216 216
225 216
252 216
264 216
288 216
292 216
338 216
346 216
34 34
43 34
92 34
117 34
196 34
222 34
244 34
286 34
306 34
318 34
347 34
380 34
12 239
27 239
38 239
64 239
127 239
144 239
165 239
201 239
211 239
229 239
239 239
382 239
14 368
29 368
47 368
100 368
135 368
158 368
195 368
360 368
366 368
368 368
377 368
4 375
21 375
31 375
155 375
237 375
253 375
265 375
301 375
363 375
375 375
45 348
49 348
97 348
108 348
124 348
159 348
166 348
231 348
319 348
348 348
83 373
146 373
157 373
186 373
214 373
277 373
281 373
297 373
325 373
373 373
23 76
33 76
76 76
131 76
177 76
203 76
258 76
266 76
364 76
96 161
152 161
160 161
161 161
199 161
212 161
300 161
303 161
326 161
36 250
41 250
62 250
77 250
175 250
250 250
256 250
276 250
282 250
7 130
61 130
66 130
130 130
148 130
167 130
302 130
320 130
339 130
5 154
85 154
106 154
149 154
154 154
254 154
261 154
352 154
378 154
15 296
48 296
60 296
242 296
259 296
296 296
343 296
349 296
28 294
51 294
111 294
125 294
178 294
182 294
206 294
294 294
71 248
91 248
101 248
181 248
191 248
210 248
248 248
324 248
24 70
70 70
75 70
90 70
202 70
208 70
262 70
317 70
35 350
50 350
122 350
263 350
268 350
298 350
331 350
350 350
9 369
26 369
129 369
150 369
170 369
329 369
365 369
369 369
82 234
221 234
227 234
234 234
345 234
351 234
376 234
59 228
126 228
145 228
183 228
228 228
334 228
94 121
109 121
121 121
245 121
308 121
321 121
81 385
123 385
217 385
275 385
385 385
10 311
247 311
287 311
311 311
342 311
30 128
128 128
153 128
180 128
340 128
6 233
151 233
169 233
233 233
336 233
384 384
374 374
372 372
371 371
370 370
367 367
356 356
335 335
332 332
330 330
323 323
305 305
304 304
293 293
291 291
280 280
278 278
272 272
271 271
257 257
249 249
240 240
223 223
215 215
204 204
197 197
190 190
143 143
120 120
89 89
88 88
73 73
69 69
39 39
25 25
18 18
